Scatterer_atmosphere
{
	Atmo
	{
		name = TRAPPIST1h
		experimentalAtmoScale = 1
		cloudColorMultiplier = 1
		cloudScatteringMultiplier = 0.0199999996
		cloudSkyIrradianceMultiplier = 0.5
		volumetricsColorMultiplier = 1
		atmosphereGlobalScale = 1
		EVEIntegration_preserveCloudColors = False
		HR = 7.564
		HM = 1.2
		BETA_MSca = 0.00400000019,0.00400000019,0.00400000019
		m_betaR = 0.00579999993,0.0135000004,0.0331000015
		m_mieG = 0.75999999
		rimBlend = 20
		rimpower = 600
		specR = 85
		specG = 85
		specB = 85
		shininess = 50
		configPoints
		{
			Item
			{
				altitude = 0
				skyExposure = 0.00999999978
				skyAlpha = 1
				skyExtinctionTint = 1
				scatteringExposure = 0.00999999978
				extinctionThickness = 0.5
				postProcessAlpha = 0.949999988
				postProcessDepth = 0.100000001
				extinctionTint = 0.100000001
				openglThreshold = 10
				viewdirOffset = 0
			}
		}
	}
}
